	d2_0	d2_1	d2_2	d2_3	d2_4	d2_5	d2_6	d2_7	d2_8	d2_9	d2_10	d2_11	d2_12	d2_13	d2_14	d2_15	d2_16	d2_17	d2_18	d2_19	d2_20	d2_21	d2_22	d2_23	d2_24	d2_25	d2_26	d2_27	d2_28	d2_29	d2_30	d2_31	d2_32	d2_33	d2_34	d2_35	d2_36	d2_37	d2_38	d2_39	d2_40	d2_41
d3_0	0	0.0217014	0.0120611	0.0078405	0.00317293	0.00394866	0.0027884	0.0030872	0.00180845	0.000846686	0.000557733	0.00115063	0.000982432	0.00172507	0.000723128	0.000420383	0.000794865	0.000792868	0.000633463	0.000770302	0.000614405	0.00184499	0.000296636	0.000486429	0.00115386	0.00104155	0.00199782	0.00179312	0.00260449	0.00329437	0.00413631	0.00260822	0.00463794	0.0058523	0.00757036	0.00837865	0.00576437	0.00863297	0.00467518	0.00320173	0.00068394	0
d3_1	0.0173176	0.00620419	0.00206548	0.00285037	0.00210554	0.000573347	0.00172921	0.000376818	0.000183649	0.000250553	0.000799572	0.000163534	0.000110452	0.000316624	3.62641e-05	0.000635964	8.85142e-05	4.64913e-06	3.70725e-06	2.73914e-06	0.000192349	9.05717e-05	0.000772243	0.000195036	0.000108451	0.000213914	0.000563566	0.000475858	0.000688717	0.00130166	0.000721635	0.00294993	0.00153353	0.00243829	0.00189104	0.00583504	0.00603989	0.00177607	0.00277796	0.00147794	0.000789493	5.26523e-05
d3_2	0.0110402	0.0073859	0.00217627	0.00228763	0.00106531	0.000427614	0.000108897	0.000215256	0.000437578	0.000424002	1.31384e-06	1.39219e-06	2.32323e-06	0.000159838	1.99526e-06	2.38828e-06	1.71179e-06	3.71562e-06	0.000194039	1.40101e-06	3.48282e-05	2.36605e-05	0.000477327	0.000107313	0.000265891	0.000455672	0.000161064	0.000560889	0.00015973	0.00031606	0.000738141	0.000528256	0.00185756	0.00195681	0.00132144	0.00193034	0.000959087	0.00180484	0.00272085	0.000769776	0.000158438	0.000105487
d3_3	0.00598908	0.00670766	0.00421963	0.00215865	0.00109651	0.000879177	0.000532079	0.00105682	0.000370253	0.000530396	0.00058317	3.25915e-05	0.00015947	1.01837e-06	6.66564e-07	4.81849e-07	0.000895452	5.7095e-07	2.65864e-07	6.95682e-07	7.51984e-07	0.000159128	6.41704e-05	0.000720196	1.09475e-06	4.18269e-07	1.63983e-06	0.000191661	5.42971e-05	0.000107576	0.00079207	0.000106738	0.000859119	0.00210899	0.00219392	0.00284889	0.00126464	0.00316299	0.00115942	0.00347625	0.00122539	0.00021144
d3_4	0.00865169	0.00801538	0.00448466	0.00164954	0.00181801	0.00198769	0.00016173	0.00045682	0.00121334	5.43806e-05	0.000843616	5.48309e-05	1.1408e-06	9.09386e-07	9.48551e-07	0.000161582	8.65339e-05	0.000107214	6.6902e-07	1.35452e-06	1.31225e-06	1.34726e-06	0.000192301	5.81758e-07	0.000106494	0.00031708	0.000213121	4.44757e-08	0.000105857	0.000580116	0.000580406	0.000844511	0.00085545	0.000527527	0.00195098	0.00256341	0.00287747	0.00347821	0.00258445	0.000737005	0.000422053	0.000315603
d3_5	0.00574558	0.00776609	0.0058263	0.00449603	0.000174729	0.00101044	0.00185076	0.00145861	0.000106008	1.61336e-06	0.00121243	0.000505569	1.27605e-06	3.68939e-07	8.05149e-07	2.26917e-05	0.000191347	8.95471e-07	1.12707e-06	8.74068e-07	2.34554e-07	3.51403e-07	0.000160004	0.000158067	1.02849e-06	0.000526216	0.000106665	7.60341e-07	0.000527713	0.00152962	8.52456e-05	0.0006332	0.00200272	0.00242508	0.00147639	0.00163373	0.000949182	0.00274021	0.0019479	0.00208569	0.000505435	0.000369138
d3_6	0.00724197	0.00459216	0.00496088	0.00335056	0.00435934	0.00204952	0.0021559	0.000580333	0.000422299	0.000394309	0.000193205	3.18476e-05	4.35966e-08	1.13373e-06	0.000316013	0.000505605	1.03096e-06	0.000138351	5.21191e-07	2.22171e-07	9.34755e-07	3.3055e-05	0.000105242	3.20045e-07	5.39662e-07	2.20839e-08	0.000315969	0.000315603	5.34302e-07	0.000980243	0.000507059	3.60356e-07	0.001161	0.0026116	0.00235383	0.00189644	0.00173825	0.00322298	0.00147444	0.00184239	0.00110616	0.000421802
d3_7	0.0027006	0.00655273	0.00412126	0.00191162	0.00107756	0.00203969	0.00199126	0.000689022	0.0012462	0.00136856	0.000527191	8.49963e-05	2.32294e-07	2.86268e-07	2.57388e-07	3.89785e-07	3.41959e-07	0.000421374	5.04188e-07	3.57484e-07	4.25934e-09	3.8693e-08	0	5.36517e-05	1.26366e-06	0.000843056	0.000507405	3.11066e-07	0.000422693	5.3061e-05	0.000105586	0.000243797	0.000580382	0.00126302	0.00115952	0.00179053	0.00145455	0.00189576	0.00363212	0.00126446	0.000843384	0.000737488
d3_8	0.00224376	0.00479117	0.00408754	0.00405251	0.00100199	0.00177465	0.00126813	0.00124719	0.000315866	0.000105308	3.31114e-05	5.29538e-05	1.00241e-07	6.07608e-07	3.30983e-07	0.000159827	1.01248e-06	1.25155e-07	1.29406e-06	0.000474539	0.000107056	0.000211761	4.59977e-07	1.1278e-06	0.000347186	0.000105201	5.40288e-05	0.000106184	2.88086e-07	0.000105524	2.07259e-07	0.000455141	0.000527303	0.00134883	0.00136874	0.00110583	0.00221284	0.00152632	0.00294875	0.00210586	0.00105299	0.00115801
d3_9	0.0026566	0.00453236	0.00579056	0.00353626	0.00132447	0.00127057	0.00121469	0.000531585	0.000687687	0.000739961	1.28057e-06	0.000315755	0.000106257	4.89407e-07	0	5.39355e-07	1.29546e-07	5.36756e-05	5.00527e-07	0.000421823	3.61508e-08	0.000105201	5.26005e-05	2.07738e-07	0.000106379	2.54213e-07	5.4084e-05	0.000473424	0.000160024	1.55676e-08	5.29618e-05	0.000137141	0.000315603	0.000473974	0.0012639	0.000474325	0.000632843	0.00152715	0.00268508	0.00178933	0.0020012	0.000631206
d3_10	0.00205934	0.00504148	0.00425919	0.00254935	0.00312001	0.00300292	0.00119947	0.000846451	0.000527275	0.000560983	0.000315928	0.000737917	0.000370549	7.5755e-07	0.000789565	3.43027e-07	0.000244085	3.91835e-07	4.89474e-07	7.99494e-07	0	1.44989e-06	1.23826e-07	1.5732e-07	1.14767e-07	0	3.42326e-08	0.000789008	3.84167e-07	0.000527305	0.000895525	0.000611999	0.000474297	0.000421687	0.000527308	0.000474032	0.00194813	0.00273833	0.000769028	0.002316	0.00289407	0.001158
d3_11	0.00141042	0.00386787	0.00319224	0.00390652	0.00296473	0.00111483	0.000424946	0.00140179	0.000792691	0.00042118	6.2347e-07	0.00016022	1.24171e-11	0.000106576	0.000422608	5.48742e-08	2.3606e-07	3.9167e-08	0	0	1.59312e-09	1.01455e-08	0.000315864	8.50993e-05	0.000105486	0	0	1.39479e-07	0	0	0.000421893	0.000158473	0.000315603	0.000420804	0.000663155	0.00110611	0.000927135	0.00084261	0.00210543	0.00310343	0.0027891	0.00115806
d3_12	0.00116638	0.00258888	0.00334466	0.00431315	0.00219994	0.00227139	0.0014796	0.00187736	0.00198808	0.000423044	0.000315603	0.000105408	3.38342e-08	0	3.25948e-05	8.81541e-07	3.55111e-07	0.00042123	0	0.000105563	5.94897e-07	0	0.000369063	6.92756e-07	5.26005e-05	2.58533e-07	2.27803e-05	0.000157871	6.13144e-10	7.01041e-07	0.000105664	0.000137049	0.000105205	0.000421076	0.00121409	0.00110632	0.00147281	0.000633289	0.00289493	0.00252627	0.00278915	0.00131814
d3_13	0.000900401	0.00100768	0.00204398	0.00432822	0.0028057	0.00167255	0.0022703	0.00135314	0.00152871	0.000315722	0.000106317	9.75949e-08	0	0.000315603	1.36903e-07	0.000315603	0.000631822	0	1.38166e-07	0	0	9.03309e-09	0	0	0.000315603	0.0001895	7.32153e-08	2.71407e-08	0.000105446	0	5.25559e-07	0.000368263	0.00157897	0.000736508	0.000421218	0.0015797	0.0015263	0.000263942	0.00110474	0.00187422	0.00389593	0.000737084
d3_14	0.00106071	0.00215987	0.0021771	0.00237928	0.00365405	0.00297332	0.00235622	0.0017713	0.00231846	0.000843075	0.000318789	0.000527269	0.000926789	0.000105201	0.000527201	0.000420804	4.81268e-08	6.15406e-08	5.26005e-05	0	9.47318e-08	0	9.26339e-08	5.32494e-05	4.24491e-07	7.54199e-08	0.000475084	0.000420983	3.93524e-07	5.34808e-05	0	5.34902e-07	5.12945e-07	0.000580343	0.000315603	0.00136839	0.00147631	0.00268401	0.00168401	0.00289543	0.00182111	0.00431478
d3_15	0.000423029	0.000774139	0.00318334	0.00297559	0.00300945	0.00119556	0.00137091	0.00105239	0.00200305	0.00216112	0.000422714	8.51431e-05	0.00136988	0.000315623	0	0	0.000315603	0.000106232	0	0.000105201	1.03506e-07	1.29673e-09	0	0	0	0.000158849	8.58876e-08	0.000105218	5.99731e-07	0	0.000526005	0.00121062	5.7281e-07	0.000106164	0.00105221	0.000946809	0.000315603	0.000105245	0.00252482	0.00326141	0.00363184	0.00236783
d3_16	0.000527725	0.000530103	0.00127064	0.00331102	0.00221844	0.0027468	0.00227039	0.00200344	0.000422343	0.000949087	0.000898511	0.00042085	0.00036916	0	0.000213057	5.32567e-05	0.00031737	0	0	0	0	0	0	0	0	3.18526e-05	0	2.89391e-07	5.3561e-05	0.000105201	0.000105201	0.00087381	0.000105271	0.00115807	0.000420804	0.000263807	0.00136831	0.000683807	2.42367e-07	0.00231578	0.00347163	0.00420882
d3_17	0.000224437	0.000843085	0.00400716	0.00142775	0.00274368	0.00140496	0.00282837	0.00193121	0.00168528	0.000583142	0.000105201	0.000315603	2.85044e-07	0	0	5.26005e-05	0	2.25394e-07	0.000315603	0	0.000105201	0	0	0	0.000105201	0.000631206	0	0	0	0	5.36541e-05	0.000315715	0.000315747	0.000474001	0.000736407	0.000421823	0.00099941	0.000685179	0.000631357	0.00199983	0.0026834	0.00173689
d3_18	0.000211788	4.91124e-08	0.000528176	0.0025333	0.00164636	0.00149042	0.0015834	0.000841631	0.00137098	0.00126466	0.000528212	0.000738061	0.000633501	0	0.000421847	0	0.000315603	0	0	0.000315603	0	0	0	0	0	0	0	0	0	0	0	3.71891e-07	0.000315603	0	0.000105958	0	0	0.000421605	0.00136844	0.0010528	0.00294563	0.00457759
d3_19	0	0.000843613	0.00135282	0.00142337	0.000900765	0.00553445	0.00429756	0.00142217	0.00168643	0.00126546	0.00142353	0.000527208	0.000843804	0.000421944	0.000420804	0.000316695	0	0	5.26005e-05	0.000315695	2.76503e-08	0	0	0	9.76338e-08	0.000106153	0.000315603	2.33587e-07	0.000526005	0	0	0.000315603	4.31688e-08	5.3541e-05	0.000420804	0.00105201	0.000210402	0.000947622	0.000946809	0.000736407	0.00242029	0.00778665
d3_20	0	0.000897184	0.00243764	0.00305423	0.00616715	0.00361651	0.00585105	0.00493271	0.00363472	0.00252794	0.00147384	0.00279475	0.00194723	0.00147592	0.0012644	0.000946871	0.000105201	0.000420804	0.000316817	0.000105201	0.00105294	0	0	0.000315975	0.000315603	0.000315603	0	0.000210402	0.000736407	0.000526751	0	0	0	0.000631213	0.000683807	0.000946809	0.00168322	0.00105201	0.00231442	0.0044192	0.00726136	0.0145179
