	d0_0	d0_1	d0_2	d0_3	d0_4	d0_5	d0_6	d0_7	d0_8	d0_9	d0_10	d0_11	d0_12	d0_13	d0_14	d0_15	d0_16	d0_17	d0_18
d2_0	0	0.0177627	0.00222838	0.000532759	5.03187e-06	3.43284e-07	1.9976e-07	0	0	0	0	0	0	0	0	0	0	0	0
d2_1	0.0775232	0.0182018	0.00559242	0.000257266	0.000546191	3.41021e-06	6.76136e-07	3.50974e-08	1.91325e-08	0	0	0	0	0	0	0	0	0	0
d2_2	0.0502972	0.017034	0.0102132	0.00319584	0.000663751	0.000449849	2.31486e-06	1.5875e-07	0	0	0	0	0	0	0	0	0	0	0
d2_3	0.0336885	0.0201457	0.00990792	0.00447959	0.000803716	0.000842269	0.000114363	3.36334e-07	1.19045e-08	0	0	0	0	0	0	0	0	0	0
d2_4	0.0203199	0.0157945	0.00873309	0.00362005	0.00150398	0.00115459	0.00011599	7.42426e-07	5.77658e-07	5.66182e-05	0	0	0	0	0	0	0	0	0
d2_5	0.0115599	0.0152872	0.0103722	0.00314117	0.00357718	0.00112535	0.00028405	7.98616e-07	3.95162e-07	3.32557e-08	0	0	0	0	0	0	0	0	0
d2_6	0.0108264	0.00836995	0.0107597	0.00658632	0.00277978	0.00186045	0.000618354	2.14917e-06	3.01005e-06	0.000111592	0	0	0	0	0	0	0	0	0
d2_7	0.00388992	0.0119953	0.00757007	0.00407976	0.00221518	0.000122947	0.000619086	0.000238664	2.07783e-06	8.33641e-07	1.11641e-06	0	0	0	0	0	0	0	0
d2_8	0.00217601	0.00521808	0.00739072	0.00475599	0.0030764	0.00231567	0.000509606	0.000463464	3.59985e-05	1.53631e-06	0.000166523	0	0	0	0	0	0	0	0
d2_9	0.00182187	0.00456976	0.00230396	0.00318931	0.00333322	0.000732263	7.96735e-06	0.000783318	0.000169607	9.52635e-07	3.00397e-07	1.97573e-09	0	0	0	0	0	0	0
d2_10	0.00117034	0.00178981	0.00167681	0.00166241	0.00285736	0.000955483	0.000618282	0.000396722	0.000115786	2.82859e-06	3.98433e-07	6.52105e-07	1.17456e-06	0	0	0	0	0	0
d2_11	0.000613513	0.0010912	0.0013408	0.00106694	0.00254887	0.000788953	0.00105059	0.000672269	2.10188e-06	3.09009e-06	8.48993e-07	3.62652e-07	0.000111015	0	2.32408e-07	0	0	0	0
d2_12	0.000778148	0.000778117	0.00100645	0.00106662	0.00167538	0.00152145	0.000679192	0.000340611	3.47498e-06	3.12017e-06	0.000367407	4.44921e-07	3.47427e-05	0	0	0	0	0	0
d2_13	1.634e-07	0.000891112	0.000536119	0.000337983	0.000597187	0.000988485	0.000928833	0.000119996	2.95771e-06	0.000316149	0.000500042	6.40781e-07	1.24945e-07	1.99839e-07	0	0	0	0	0
d2_14	0.000333387	7.74739e-08	0.00111461	0.000447127	0.000116841	0.0011072	0.00137638	0.000487468	5.02195e-06	0.000113504	0.000114328	0.000240379	6.70126e-07	0	0	0	0	0	0
d2_15	0	9.03845e-05	6.94038e-07	0.000778716	0.000449301	9.27524e-05	0.000341093	0.000427599	0.000839165	0.00100882	0.000204017	3.23808e-06	1.34536e-06	6.80206e-07	0	0	0	0	0
d2_16	0	2.95685e-07	1.10423e-06	1.3055e-06	0.000115383	0.000115009	0.0011868	0.00164862	0.000184388	6.22925e-05	0.000336602	1.72345e-06	0.000500934	5.61885e-05	3.54399e-08	1.28266e-08	0	0	0
d2_17	0	0	1.39122e-06	1.57964e-06	5.74997e-05	0.000615429	4.19504e-06	0.000449463	6.16646e-05	0.000540502	0.000114633	0.000225946	0.000535386	6.30883e-07	2.90836e-08	0	0	0	0
d2_18	0	0	0	0.000333105	0.000204308	5.77246e-05	0.000560178	0.000430371	6.10384e-06	4.80531e-06	5.81106e-05	3.34736e-06	8.09899e-07	1.03774e-06	9.8997e-07	0	0	0	0
d2_19	0	7.38795e-09	0.000333208	2.96409e-07	5.67686e-07	0.000471632	0.000114024	0.000448959	0.000446603	6.02858e-05	0.000202998	0.000202868	0.000169234	0.000114745	0.000200838	1.47465e-07	1.25216e-07	0	0
d2_20	0	0	1.0861e-07	5.02003e-08	9.86475e-07	1.43624e-06	0.00103891	2.86827e-06	2.59147e-06	0.000228252	0.000260222	0.000536687	0.00011589	2.25557e-06	8.77823e-07	4.06334e-07	1.00341e-06	3.43776e-05	0
d2_21	0	0	0	4.7203e-08	3.45317e-07	0.000170022	1.98742e-06	0.000591485	0.00017236	4.15471e-06	0.000106394	0.000284616	0.000980734	9.15084e-05	0.000203451	3.5409e-07	0	0	0
d2_22	0	0	0	0	0	5.70858e-05	3.41748e-05	0.000153339	2.75408e-06	3.44848e-06	0.000593756	0.000683671	6.09698e-05	0.000702734	0.000223312	5.22209e-07	0.000444632	0	0
d2_23	0	0	0	0	4.37145e-07	0.000200979	4.05802e-07	0.000336086	5.62978e-05	0.000115019	0.000296148	0.000339632	0.000391915	2.86201e-06	5.54289e-07	0.000502008	1.14815e-08	5.54923e-05	0
d2_24	0	0	0	0	0	0	0.000333718	0.000201699	0.000111742	0.000559678	3.7416e-06	0.000538161	0.000337397	0.000560386	0.000112745	0.000336573	5.57113e-05	0	0
d2_25	0	0	0	0	3.36038e-05	2.14445e-07	0.000423413	1.2297e-06	0.000558163	0.000147509	5.92631e-05	0.00203617	0.00115013	0.000370224	1.55789e-06	0.000168982	0.000257542	2.95826e-07	0
d2_26	0	0	0	0	0	1.26871e-06	0.000167032	1.17102e-07	5.75337e-05	0.00120407	0.000869902	0.000170963	0.000540859	0.000228407	0.000805519	0.000838018	5.6329e-05	0.000112292	0
d2_27	0	0	0	0	0	5.25434e-08	2.86328e-08	0.000222197	0.000111527	2.41693e-06	1.07044e-06	0.000557428	0.00146215	0.00114785	0.000147201	0.000445128	0.00111136	0.00016779	0.000533812
d2_28	0	0	0	0	0	0	3.98944e-08	4.76663e-09	0.000389796	0.00011251	0.000168815	3.75498e-05	0.00128054	0.00114855	0.000669222	0.000783436	0.00105938	0.000835158	7.9413e-08
d2_29	0	0	0	0	0	0	0	0	0.000501745	2.9026e-07	1.01501e-06	0.00077829	0.000727525	0.00148294	0.00204011	0.00101603	0.00105935	0.00156156	0.000834108
d2_30	0	0	0	0	0	0	0	2.91977e-07	0	0.000202221	7.30631e-08	0.000558388	0.00131539	0.00100343	0.00263091	0.0010037	0.00187318	0.00127955	0.000501267
d2_31	0	0	0	0	0	0	0	0	0	1.50581e-07	0.000112552	0.000848759	0.000335173	0.00142638	0.00361981	0.00192905	0.00150539	0.0022401	0.00116957
d2_32	0	0	0	0	0	0	0	0	1.06228e-07	5.26134e-07	0	0.000778969	0.00023601	0.00131598	0.00276106	0.00376213	0.0027655	0.00505092	0.00183564
d2_33	0	0	0	0	0	0	0	0	0	0	0	0.000224322	0.000501361	0.00231738	0.00335018	0.00459311	0.00879888	0.00515031	0.00250422
d2_34	0	0	0	0	0	0	0	0	0	0	3.8974e-07	0.000111783	0.000812761	0.000281506	0.00161264	0.00524674	0.00842158	0.0110211	0.00320342
d2_35	0	0	0	0	0	0	0	0	0	0.000112215	0	0	0.000334054	0.00155693	0.00203454	0.00639624	0.00994574	0.00947438	0.00994276
d2_36	0	0	0	0	0	0	0	0	0	0	0	0	0.000111861	0.000834087	0.00300169	0.00221319	0.00937406	0.0120691	0.0101861
d2_37	0	0	0	0	0	0	0	0	0	0	0	0	0	0.000887877	0.00138985	0.00342676	0.00722618	0.0126549	0.017484
d2_38	0	0	0	0	0	0	0	0	0	0	0	0	0.000111387	0.0009803	0.000333113	0.00275513	0.00622828	0.0133709	0.0215326
d2_39	0	0	0	0	0	0	0	0	0	0	0	1.26498e-08	0	0.000332954	0.000333738	0.00214281	0.00694544	0.0106058	0.0273782
d2_40	0	0	0	0	0	0	0	0	0	0	0	0	0	0	0.000533742	1.51249e-06	0.00327702	0.00858642	0.0354888
d2_41	0	0	0	0	0	0	0	0	0	0	0	0	0	0	0.000167401	0.000332954	0.00100141	0.00799657	0.0410187
