	d2_0	d2_1	d2_2	d2_3	d2_4	d2_5	d2_6	d2_7	d2_8	d2_9	d2_10	d2_11	d2_12	d2_13	d2_14	d2_15	d2_16	d2_17	d2_18	d2_19	d2_20	d2_21	d2_22	d2_23	d2_24	d2_25	d2_26	d2_27	d2_28	d2_29	d2_30	d2_31	d2_32	d2_33	d2_34	d2_35	d2_36	d2_37	d2_38	d2_39	d2_40	d2_41
d3_0	0	0.0278373	0.00945562	0.00440498	0.00231527	0.00192551	0.000139847	0.00136504	0.000943644	0.00114548	0.000191987	0.000848456	0.000348728	2.64069e-05	0.00103603	0.000373974	0.000420735	0.000233216	0.00146045	0.000279169	9.54829e-06	6.095e-06	0.000576453	6.17196e-05	0.000169565	6.31643e-05	0.000898739	9.28186e-05	0.000433432	0.000112844	0.000900122	0.00129441	0.00162701	0.00150578	0.00156646	0.00599662	0.00313445	0.00495715	0.00700383	0.00225174	0.000574677	0.00158628
d3_1	0.0208496	0.00901751	0.00476012	0.00115845	0.000502797	0.000710056	0.000168651	0.000275067	0.000114034	6.32374e-06	6.09416e-05	0.00011154	0.000111597	0.000543312	0.000219931	6.76466e-06	0.000166466	2.94568e-06	0.000110913	3.3879e-06	3.66507e-06	0.000701488	0.000538871	0.000517092	9.1439e-05	0.000228643	3.96727e-06	0.000517875	0.00105173	5.71076e-05	0.000250642	0.000465802	0.000596489	0.00121748	0.00266154	0.00250251	0.00194894	0.00623211	0.00339487	0.00372615	0.00201757	0.000407448
d3_2	0.0164079	0.00849438	0.00678246	0.00240892	0.00161946	0.000310423	0.00016461	0.000514986	0.000429785	0.000484522	5.28509e-06	3.217e-06	2.92087e-06	2.50654e-06	0.000162337	2.39528e-06	2.37867e-06	2.1605e-06	2.30653e-06	2.24741e-06	0.00113713	2.90126e-06	0.00059429	0.000430083	8.94083e-05	0.00021784	1.25889e-06	8.86666e-07	0.000217712	0.000287406	0.00133962	0.000483787	0.000218646	0.00187884	0.00199427	0.00107604	0.00177266	0.00268195	0.00587315	0.00449843	0.00294028	0.000428065
d3_3	0.016051	0.00812874	0.00460684	0.00302607	0.000333206	0.000760014	0.000165063	0.000537665	0.000428091	3.06004e-06	0.000108562	0.000110087	5.70348e-05	0.000219403	3.43773e-05	1.31007e-06	0.000322792	0.000751607	0.000356574	1.52717e-06	0.000109474	0.000110606	0.000110927	0.000592288	3.34961e-07	1.5725e-06	0.000697054	2.62738e-06	2.60591e-07	8.75979e-05	0.000621286	0.00075063	0.000142034	0.00114097	0.00188156	0.00161574	0.0039208	0.00191311	0.00396729	0.00262589	0.000537302	0.000216456
d3_4	0.0104521	0.00979977	0.00435334	0.00269316	0.00151916	0.000699324	0.000322705	0.000512644	3.47771e-05	2.09134e-06	0.000481848	1.28507e-06	5.6672e-05	0.00058828	6.15739e-07	1.0794e-06	2.56406e-06	0.000430595	0.000217369	5.53118e-05	0.000162711	1.1866e-06	9.11582e-07	1.39917e-06	0.000749718	1.85415e-06	0.000162474	1.11214e-06	2.50111e-06	1.97397e-06	0.000943381	0.000590864	0.000752239	0.000484852	0.000807209	0.00143038	0.00381157	0.00408077	0.00390721	0.00217319	0.00224373	0.00171296
d3_5	0.00549288	0.00711761	0.00601468	0.00211218	0.00185947	0.00078985	1.09986e-06	0.000480367	8.03327e-07	7.4835e-07	0.000321003	7.87992e-07	5.98593e-07	5.56555e-05	0.00010825	5.39795e-07	0.000161757	1.87591e-07	0.000108837	5.93569e-08	2.1295e-07	0.000482417	7.75945e-07	1.43373e-06	3.53889e-07	0.000482634	2.80712e-07	0.000480892	9.65352e-07	3.91057e-07	6.96781e-07	0.00123062	0.00112653	0.000644124	0.000320154	0.00185696	0.0037466	0.00423247	0.0027274	0.00308896	0.00395544	0.000910393
d3_6	0.00682678	0.00796573	0.00519423	0.00347942	0.00139727	0.00156832	0.000248824	0.00064492	0.000160879	6.31431e-07	0.000480816	9.721e-07	8.20829e-07	4.95541e-07	0.00016188	0.00042724	0.000161789	0.000106614	0.000800962	0.000428374	4.20915e-07	0.000536154	0.000161523	9.65486e-08	0.000426965	0.000108257	5.16091e-07	0.000192676	0.000961652	5.5202e-05	0.000141918	0.000215751	4.79997e-07	0.000216147	0.000727575	0.00224626	0.00230244	0.00262143	0.00380985	0.00278541	0.00277586	0.000639629
d3_7	0.00826409	0.00647756	0.00442091	0.00308046	0.00220295	0.000703296	0.000913507	0.000620295	4.93178e-07	4.01682e-07	2.37269e-07	5.51775e-05	1.1596e-06	7.66103e-07	6.77161e-07	0.000267028	2.30149e-05	1.96261e-07	0	0.000161925	1.32165e-07	0.000269449	7.26377e-08	0.000161929	0.000268586	0.000320726	1.26979e-07	5.54005e-05	4.44526e-07	0.000427813	2.61651e-07	3.3409e-05	0.000513451	0.000536091	0.00101751	0.00138774	0.00128385	0.00251436	0.00340562	0.00267242	0.00281662	0.0013354
d3_8	0.00592674	0.00646911	0.0029541	0.00396901	0.00179514	0.000646451	0.000908705	0.000642362	5.51357e-05	0.000162624	5.44633e-05	1.60718e-08	5.93194e-07	5.48598e-05	3.13247e-07	8.69106e-05	0.000298642	3.43264e-08	0.000323271	0.000320936	2.43873e-07	0.000319815	9.64499e-10	1.02941e-07	0.000108228	3.10067e-07	4.06423e-07	3.94535e-07	0.000426616	0.000161793	0	0.000427718	1.06584e-07	0.00042642	0.000161316	0.000675366	0.00329528	0.00356682	0.0035558	0.00517855	0.00138952	0.00149813
d3_9	0.00398044	0.00587609	0.005906	0.00495987	0.00293483	0.00144985	0.00110713	5.5274e-05	2.83023e-07	0.000427864	0.000269561	5.09056e-07	5.79209e-08	2.81902e-07	2.2187e-07	0.000321483	5.62301e-07	0.000214477	0.00042796	5.45166e-05	2.66851e-09	3.9033e-07	0.000320145	5.45047e-05	0	4.86603e-07	0.00031982	0	5.50242e-05	0	0.000428174	0.000107886	0.000106605	0.00042642	0.00181472	0.00085436	0.00144733	0.00430686	0.00270761	0.00267333	0.00128434	0.00138622
d3_10	0.00365038	0.00514501	0.00532851	0.00605035	0.00265864	0.0039083	0.000591055	0.000750439	1.93555e-07	0.00048026	8.5246e-08	4.52709e-09	0.000427321	6.90493e-09	5.17953e-08	0.000481217	0	1.99759e-08	0	2.15242e-08	0	6.0359e-07	0	6.71052e-07	1.92243e-07	9.80099e-08	0.00032034	8.1636e-08	0	0.000319815	6.56696e-07	0.000160974	0.000480038	5.46487e-05	0.000426543	0.000374141	0.00234685	0.00224238	0.00502272	0.00400365	0.0034154	0.00187018
d3_11	0.00194226	0.00192609	0.00398987	0.00329214	0.00434731	0.00126365	0.00126701	0.00213533	0.000589694	0	5.33584e-05	0.00032007	0.000192205	0	8.81024e-08	0.000533044	0.000107747	6.25766e-08	1.47598e-07	0.000481461	0	0	4.10924e-07	0.00042642	0	2.64626e-07	1.4844e-07	0	9.09103e-09	0	5.13833e-07	3.12346e-07	0.000373497	1.58334e-07	0.000214579	0.000319815	0.000962244	0.00192337	0.00282833	0.00368279	0.00339573	0.00261434
d3_12	0.00258273	0.00235711	0.0068202	0.0048772	0.00351769	0.00293863	0.00101801	0	0.000320734	0.000107199	0.000319815	0	5.44897e-08	0.00042642	0	8.22009e-09	1.87871e-08	0	0.000106617	0	0.000481131	3.81236e-08	0.000376268	1.65812e-07	2.85951e-07	0	0	2.85737e-08	0	0	0	0	0	1.60021e-07	0.000481194	0.000852839	0.000535829	0.000108249	0.00218803	0.00149654	0.00432045	0.00288118
d3_13	0.00198725	0.00314381	0.00325195	0.0035873	0.00249292	0.0012309	0.00155339	0.000963743	0.000783219	0.000319815	0.000106664	0	0.000319815	0	1.16941e-07	5.44339e-05	0.000321225	0.000160277	0	0.000106605	0.000106605	0	0	0	0	3.14651e-07	0	4.08881e-07	0	0	0	0.000106605	0	0	0.000319815	0.000319815	0.000479722	0.00144218	0.00240587	0.0029907	0.00283226	0.00341363
d3_14	0.00112472	0.00319079	0.00301973	0.00410926	0.00224471	0.00186935	0.00187036	0.000963204	0	1.23663e-07	3.95948e-07	5.33025e-05	0	0.000639629	0	0	0	0.000319815	2.33068e-07	0	0.000319815	6.44413e-07	0.000319815	0.000852839	0	2.6409e-07	0.000319815	0	0	0	9.45045e-08	0.000479722	0	0	0.000319815	0	0.00106714	0.00101402	0.00256488	0.00320165	0.00469317	0.00309207
d3_15	0.00118116	0.00438344	0.00332627	0.00305153	0.00347654	0.00283345	0.00142486	0.000674204	0.000427773	0.000639629	0.00128073	0	0	0	0.000320735	0	0.000319869	0	0	0	0.000319815	0	0	0.000106605	0.000106605	0	3.74183e-08	5.34367e-05	0	0	0	0.000513097	0	0	0.000319815	0	0	0.00117265	0.000695809	0.00320208	0.00293578	0.00202763
d3_16	0.00117653	0.00283684	0.00277922	0.00374423	0.00347612	0.00351084	0.000855638	0.000426632	0.000269098	0.00058819	0.000640715	0.000639629	0	0.00010678	5.82052e-08	0	0	0.000320057	0	0	0	0	0	0	0.000320991	2.36251e-07	0	5.43398e-05	0.000319815	0	0	0.00042642	0.000106605	0.000106605	0.000428088	0.000376234	0.00042642	0.00112193	0.00106605	0.00202816	0.00480242	0.00474522
d3_17	0.00027017	0.000913844	0.00235101	0.00340292	0.00160678	0.00318504	0.000589317	0.00138898	0.000961755	3.58343e-08	0.000319815	0.000319815	0	0	1.62073e-08	0.000319815	0.000106643	0	0.000320893	0	0	1.24757e-08	2.17538e-07	7.33249e-09	0.000640221	0.000321138	0	1.37549e-08	0	6.92044e-08	0	0	0	0.000319815	0.000428103	0.000161432	0.000319815	0	0.00202792	0.002563	0.00378665	0.00682379
d3_18	0.000320234	0.00299331	0.00390188	0.00437868	0.00174004	0.00106859	0.000856006	0.00144223	0.00117534	0.000107966	0.000321058	0.000961205	0	0	0	0	0	0	0.000319815	0.000319815	0	0.000639629	0.000106605	0	0	0	0.000106605	0	0	0	0	2.35792e-07	0.000319815	0.000319815	0.000319815	0	0	0.000959444	0.000959444	0.00405329	0.00373259	0.00687757
d3_19	0.000427996	0.00149487	0.00299374	0.00213694	0.00518586	0.0010147	0.00203045	0.00170792	0.000321317	0	0.000320642	0	0	0.000639629	0.000159907	0	0	0	0.000320901	0.000319815	0.000319815	0.000107531	0.000108066	0	0	0	0	0	0.000319815	0	0	0	0	0	0	0.000106605	0.00042642	0.000319815	0.000748905	0.00234665	0.00426825	0.00671852
d3_20	0.00106706	0	0.00171139	0.00469882	0.00352887	0.00160117	0.00405527	0.000641411	0.000639629	0.000961145	0.000319815	0.000319815	0	0.000319815	0	0.000319815	0	0	0	0.000319815	0	0	0	0.000960361	0	0	0	0.000746234	0.000106605	0	0.000319815	0	0.000639629	0.000319815	0.000639629	0	0.00101395	0.000639629	0.00191922	0.0026654	0.00586753	0.00714874
