	d1_0	d1_1	d1_2	d1_3	d1_4	d1_5	d1_6	d1_7	d1_8	d1_9	d1_10	d1_11	d1_12	d1_13	d1_14	d1_15	d1_16	d1_17	d1_18	d1_19
d2_0	0	0.0329337	0.0164181	0.0140961	0.00977186	0.00894357	0.00504624	0.00300296	0.00272774	0.00190327	0.00100595	0.000650625	0.00141489	0.000409583	5.24922e-05	0	0	0	0	0
d2_1	0.0156088	0.0120322	0.00999424	0.00889875	0.00825666	0.00935898	0.00904319	0.00533728	0.00312064	0.00200002	0.0040361	0.00196334	0.00102526	0.00148691	0.000819888	0.000205439	0.000513088	8.43248e-07	0.000306491	0
d2_2	0.00907023	0.00430413	0.00434839	0.00609624	0.00631802	0.0062549	0.00471603	0.0046741	0.00521827	0.00419159	0.00343195	0.00556824	0.00241049	0.00141166	0.00141405	0.00133182	0.00223453	0.00143423	0.000921522	0
d2_3	0.00405593	0.004196	0.00338632	0.00194394	0.00384102	0.00558494	0.00700263	0.00408953	0.00220685	0.00454874	0.00611871	0.00298939	0.00430441	0.00278168	0.00302211	0.00168838	0.00102408	0.00102255	0.000306491	0.000306491
d2_4	0.00168557	0.00139848	0.00150962	0.00274339	0.00290315	0.00263981	0.00347631	0.00245019	0.00331353	0.00378954	0.00337163	0.00367046	0.00266356	0.00218498	0.00230602	0.00276662	0.00204741	0.00107456	0.00122789	0
d2_5	0.00155131	0.00325571	0.000765999	0.00147093	0.00213767	0.0027538	0.00366406	0.00300081	0.00104245	0.00121695	0.00270392	0.00162307	0.00380893	0.0027141	0.00521927	0.0016395	0.00143459	0.000717178	0.000920408	0.000103318
d2_6	0.00170307	0.00139126	0.000678332	0.00102939	0.00062065	0.00206753	0.00192814	0.00101325	0.00213668	0.00138578	0.00367305	0.00461512	0.00304911	0.00281978	0.00243926	0.00210023	0.00291721	0.00179229	0.000817309	0.000408654
d2_7	0.00128003	0.000868968	0.00137016	0.00073322	0.000291177	0.00198055	0.000976019	0.000720222	0.00138462	0.00244106	0.000413246	0.00133179	0.00378623	0.00197623	0.00200694	0.00158483	0.00166929	0.00347751	0	0
d2_8	0.00139037	0.000260773	0.00014178	0.0010582	0.000156461	0.000822124	0.0012808	0.000409468	0.00159001	0.000563991	0.00228641	0.0023553	0.00112969	0.00122827	0.00286463	0.0013813	0.00245504	0.00153341	0.000820266	0.000306491
d2_9	0.00017239	0.000228745	0.00085943	0.000219606	0.000208228	0.000125165	0.000769652	0.000205812	0.000769673	0.000410112	0.000564737	0.0019965	0.000564262	0.00230197	0.00161845	0.00179202	0.00102164	0.00112696	0	0.000612982
d2_10	0.000210943	0.000584192	0.00108294	0.00082395	0.000462928	0.000105201	1.50813e-06	8.53981e-05	0.00141305	0.000258719	0.000306643	0.000409942	0.000155325	0.000409793	0.000512743	0.0019961	0.000513058	0.000612982	0.000408654	0
d2_11	0.00032589	0.000199301	0.000882702	3.34574e-06	0.000258168	5.14318e-05	0.000422477	0.000337407	0.000358662	0.000409757	8.26849e-05	0.000306708	0.00107295	0.000666429	0.000614147	0.000820701	0.000613255	0.00102309	0.00010324	0
d2_12	0.000147383	0.000310122	0.000343658	0.00026296	1.01876e-06	0.000307234	1.1619e-06	7.71159e-07	0.00046148	0.00095302	1.7213e-08	0.000358775	0.000818418	0.000103375	0.000921624	0.000870327	0.000818225	0.000612982	0.000306491	0
d2_13	0.000658882	0.000844787	0.000172358	2.38923e-06	5.32205e-05	0.000102825	0.000307004	1.45246e-06	0.000306543	8.28017e-08	0.00010313	5.54369e-08	0.000409703	0.000102826	0	0.000306491	5.84892e-08	0.0010237	0.000103113	0.000306491
d2_14	0.000531095	0.000199695	5.95626e-06	1.57028e-06	2.57351e-06	8.83557e-07	1.38662e-06	0.00030719	0	0.000103771	0.000338145	0.00010327	0.000205483	4.52719e-08	0.000612982	0.00107362	0.00112496	0.000410648	0	0
d2_15	9.47779e-06	0.00022574	0.000172023	4.145e-06	0.000617762	0.000156935	0.000155466	0.00041101	0.000510818	5.26409e-05	5.32898e-08	2.55911e-07	0	5.10818e-05	0.000306491	0.000306491	0.000307552	0.000306551	0.000306491	0
d2_16	0.000192433	0.000194907	0.000415645	0.000157533	3.45192e-05	0.000513475	0.000461198	0.000268089	2.88915e-07	2.89077e-07	5.98075e-07	0	0.000307207	0	0.00030725	0	0.000408654	0.000306491	0.000307448	0
d2_17	6.99213e-06	0.000268601	6.84037e-06	3.70632e-06	0.000493823	0.000135817	0.000102953	0.000408693	5.20819e-05	4.33728e-07	5.97638e-08	1.21542e-07	0.000408873	2.23918e-07	0.000408654	0	0.000103165	0	0	0
d2_18	8.72193e-05	0.000143679	0.000571353	2.58462e-06	4.62617e-06	8.63807e-07	1.16522e-06	1.83206e-08	3.68827e-07	1.13957e-08	5.11806e-05	3.34022e-07	2.3895e-07	4.25585e-07	0.000306491	5.10818e-05	0	0	0.000307244	0
d2_19	4.15438e-06	0.000190782	0.000293209	5.76647e-05	7.01802e-07	0.000186929	2.17705e-05	0.00041055	2.25441e-07	0.000409016	0	5.20934e-05	0.000102164	8.90312e-08	0.000408654	0.000408654	0	0	0	0
d2_20	0.000159344	0.000345442	0.000222636	3.59695e-05	1.99977e-06	5.37734e-05	1.58443e-06	1.11424e-06	0.000103103	1.00518e-07	3.92434e-08	1.54712e-09	0	0.00010219	9.19967e-08	0	0	0.000103063	0.000612982	0.000306491
d2_21	0.00046358	0.00105221	0.00027503	5.40104e-06	5.58161e-05	0.000154611	0.000206166	0.000155258	3.13069e-05	7.90968e-07	4.63481e-08	0	0	0	0	0	0	0	0	0
d2_22	3.81176e-05	0.000139548	5.86015e-05	0.000363617	0.00059502	0.000461781	3.29018e-05	0.000287504	1.24315e-07	5.10818e-05	0.000307502	0	0.000306636	3.07574e-05	5.19165e-05	0	0	0	0	0
d2_23	0.000105503	0.000415114	0.000108487	2.21289e-06	2.47391e-06	0.000678338	7.87371e-07	1.22108e-06	0.000153617	5.17668e-05	1.30855e-06	0	0.000133875	0.000153245	4.16851e-07	0	0	0.000306852	0	0
d2_24	2.86156e-06	0.000261813	0.000375158	0.000260247	0.000312158	0.000513108	1.49296e-07	0.000306552	0	1.2412e-07	0.000153245	0	0.000306491	0.000102164	0	0.000306491	0	4.12235e-07	9.48149e-08	0
d2_25	0.000105978	0.000414625	0.00088851	0.000668361	5.31289e-05	0.000491937	0.000114039	0.000409765	0.000132813	0.000306972	1.9724e-08	7.32424e-08	1.91495e-08	0.000306742	0.000337539	0.000257331	0	0.000306491	0	0
d2_26	0.000209079	0.000495329	0.000950266	0.000515538	0.000547501	0.000627474	0.000155503	2.19373e-05	3.89508e-07	8.33987e-07	5.22939e-05	0.000307079	0.000461043	0	0	0.000306491	0	0	0	0
d2_27	0.000104812	6.52389e-05	0.000494759	0.00111017	0.00136292	0.000973117	2.05417e-07	5.10818e-05	3.02554e-08	0.000408671	1.73919e-07	0.000153313	0.000408654	2.26843e-07	0.000102299	0.000102445	0	0	0.000102164	0
d2_28	0.000409937	0.000104085	0.00167408	0.000311376	0.000545931	0.000259357	0.00041102	0.0003597	0.000102537	0.000102408	6.70347e-07	0.000511609	3.65074e-07	0.000409003	4.24238e-07	0	5.20146e-05	0	0.000408654	0.000306491
d2_29	0.000155294	0.000720362	0.0013693	0.00105817	0.00115747	0.00090296	0.000310003	0.000870836	0.000462635	5.10934e-05	0.000768146	0.000410434	0	0	0.000408654	0	0	0.000562581	0	0
d2_30	2.90607e-07	0.00078384	0.00167821	0.00118238	0.000666241	0.000748039	0.000564266	0.0012284	0.000461286	1.89399e-07	0.000747076	0.000409235	0.000409605	0.0002045	5.2105e-05	1.18765e-08	0	0.000408654	0	0
d2_31	0.000207003	0.000596369	0.00135728	0.00107415	0.00247122	0.000851595	0.00095373	0.000134589	0.000542668	0.000646189	0.000308331	0.00102186	5.1443e-05	3.69507e-07	0.000337632	0.000306491	0.000664941	0.000612982	0	0
d2_32	0.000870379	0.000363188	0.00162324	0.0018885	0.00267726	0.00172148	0.00294716	0.000461845	0.00197485	0.000511351	0.000307172	0.000510818	0.000154807	0.000716012	8.89299e-07	3.71813e-07	0	0.000306559	4.19225e-08	0
d2_33	0.000564288	0.00107952	0.00271784	0.00345427	0.00213308	0.00363518	0.00151756	0.00105577	0.00224911	0.0018394	0.000408927	0.00122775	0.000665196	0.000819075	0.000306589	0.000154847	0.000817483	0	6.65941e-09	0.000612982
d2_34	1.05328e-06	0.000824745	0.00402572	0.00236999	0.00270102	0.00244128	0.0022548	0.00424704	0.0015662	0.000596295	0.00173919	0.00122806	0.000749065	0.000715953	0.00143135	0	0.000408654	0.000664064	0	0.000306491
d2_35	0.000821473	0.0013773	0.00254822	0.00387249	0.00295463	0.00329125	0.00371749	0.00245646	0.00363063	0.0027598	0.00199742	0.00168695	0.000306583	0.00133016	0.00102165	0.000409409	0.000817309	0.000408654	0.000612982	0.000612982
d2_36	0.000102309	0.0010556	0.00117874	0.00249293	0.00243744	0.00520012	0.00272203	0.0033086	0.00133086	0.00194237	0.00061387	0.00066564	0.00178932	0.00275959	0.00197335	0.00133031	0.00112455	0.000408654	0.00194158	0.000408654
d2_37	0.000103034	0.00240838	0.00208254	0.00333237	0.00427549	0.00327744	0.00143267	0.0027445	0.00332234	0.0021475	0.00281287	0.00179038	0.00153437	0.00204389	0.00163527	0.00168875	0.00137921	0.000511596	0.000817335	0.000306491
d2_38	0.000512276	0.000872803	0.00125973	0.00162091	0.00289991	0.00284738	0.00215114	0.00368203	0.00230276	0.00398742	0.00306661	0.00112455	0.00179	0.00439362	0.00301592	0.0017381	0.000510818	0.00137944	0.00163542	0.000919473
d2_39	0	0.00136403	0.00164143	0.00230529	0.00117718	0.0010754	0.00115665	0.0023341	0.00414097	0.00235081	0.00260591	0.00275855	0.00194275	0.00245237	0.00352676	0.0034029	0.00368049	0.00153297	0.00173773	0.00275842
d2_40	5.12112e-05	0.000460208	0	0.000306491	0.000463111	0.00115836	0.00102322	0.00100437	0.00161767	0.00258621	0.0011242	0.00158383	0.00189156	0.00500843	0.00429182	0.00316755	0.00454721	0.00429093	0.00490612	0.00459891
d2_41	0	0	0.000102831	0.000102987	5.11321e-05	5.19897e-05	0.000408932	0.00102305	0.000408995	0.000460569	0.00148351	0.00143126	0.00173738	0.00286223	0.00480317	0.00459884	0.00613059	0.00582463	0.0116476	0.00337235
