	d1_0	d1_1	d1_2	d1_3	d1_4	d1_5	d1_6	d1_7	d1_8	d1_9	d1_10	d1_11	d1_12	d1_13	d1_14	d1_15	d1_16	d1_17	d1_18	d1_19
d2_0	0	0.0326891	0.0191589	0.0121898	0.00899111	0.00481681	0.00605452	0.00330075	0.00453697	0.00290499	0.00159774	0.00106395	0.000495696	4.58314e-05	4.2329e-08	0.000458446	0.000275046	0	9.16276e-05	0
d2_1	0.0311841	0.0173834	0.0148019	0.0111451	0.0102141	0.00900887	0.00741419	0.00699865	0.00666966	0.0046084	0.00359743	0.00347194	0.00267796	0.00152245	0.0017605	0.00181047	0.000550003	0.00011945	0.000916276	0
d2_2	0.00918414	0.00632375	0.00889972	0.00580278	0.00734159	0.00646749	0.00732632	0.00314265	0.00645006	0.00649538	0.00474727	0.00722536	0.00425578	0.00269561	0.00392417	0.00160453	0.000577772	0.000916863	0.00142035	0.000366708
d2_3	0.0042196	0.00405025	0.00325464	0.00401667	0.00518865	0.00367235	0.00595363	0.00346961	0.00331169	0.00479828	0.00332076	0.0041405	0.00376766	0.00324552	0.00314488	0.00400627	0.00224619	0.00271342	0.00187863	0.000870852
d2_4	0.00223365	0.00245815	0.00126707	0.00311379	0.00251343	0.00141797	0.00402622	0.00255454	0.00245482	0.00365864	0.00234776	0.00545449	0.00353428	0.00319102	0.00404267	0.00384994	0.00151231	0.00329929	0.000962507	0.00054987
d2_5	0.0015057	0.000811806	0.0014596	0.000963676	0.000698088	0.00105545	0.00158686	0.00116565	0.00174274	0.00118352	0.00299285	0.00137565	0.00131122	0.00245655	0.00279048	0.00407911	0.00224569	0.0033265	0.00229111	0.00117293
d2_6	0.000797437	0.000365269	0.000349562	0.00131122	0.000618739	0.000954138	0.00172385	0.00132443	0.000985434	0.00105401	0.00142076	0.00108191	0.00218145	0.00182426	0.00251994	0.00217238	0.00449976	0.00192439	0.00105433	0.000274883
d2_7	0.000451042	0.00111306	0.00133027	0.000550184	0.00013824	0.00036662	9.17541e-05	0.000733225	0.00062342	0.000714982	0.000320977	0.00169555	0.000320887	0.000531698	0.000788369	0.000687327	0.00146625	0.000824861	0.00119135	0.000274883
d2_8	0.00186216	0.000103522	0.000138521	4.4578e-07	2.79864e-05	5.91626e-08	0.000274957	0.000641676	0.000641534	4.60335e-05	0.000504141	0.000485974	0.00077898	0.00121886	0.000366845	0.000824745	0.000824801	0.00109981	0.00206172	0.00064152
d2_9	0.00162011	0.00021408	1.03755e-06	4.6126e-05	0.000137816	0.000275523	8.54225e-08	0.00057742	6.33396e-08	4.59545e-05	0.000366511	0.00018333	0.000779	0.00140201	0.000733122	0.000962256	0.000898155	0.00109953	0.000549766	0.000274883
d2_10	0.000637589	0.000442169	0.00133016	2.05628e-07	1.87835e-05	0.000119359	0.000458338	9.17525e-05	0.000366534	0.000183547	0.000211002	2.7337e-08	0.000274883	0.000274918	1.58541e-08	0.000870558	0	0.000366511	0.000274883	9.16276e-05
d2_11	0.000169498	0.000351173	1.0593e-05	0.000123406	9.18618e-05	6.82706e-08	0.000440051	2.98317e-08	7.70445e-08	0.00027503	7.70872e-08	0.000274961	0.000274883	0.000137565	0.000274883	7.99304e-08	0	0.000274883	7.33836e-05	0
d2_12	0.000104839	0.000351414	0.00013858	5.15534e-07	1.54307e-07	9.20348e-05	3.96147e-08	0.000256779	4.5818e-05	9.42578e-09	2.93903e-08	0.000137554	0	0	0	0.000137441	0.000549811	0.000274883	0.000549766	0
d2_13	0.000255783	0.000240885	0.00045097	0.000458917	1.82625e-07	0.000137756	8.40835e-08	0.000137679	0.000366634	1.40644e-08	2.75247e-05	7.341e-05	7.22875e-08	0	0	0	0	0.000412324	0	0
d2_14	0.000580499	0.000460766	0.000752666	4.65758e-05	0.000367011	2.1245e-07	1.87489e-05	5.77944e-08	0.000412339	1.46002e-07	0	0.000183422	0.000320808	0	0	0.000274883	0	0.000320697	0.000549766	0
d2_15	0.000305147	4.73942e-05	7.40698e-05	2.66838e-07	7.35646e-05	0.000522711	0.000366641	5.96723e-08	9.15528e-08	0.000412529	0	0	0	9.16276e-05	0.000458138	0.000274883	0.000274883	0.000302522	0	0.000641393
d2_16	0.000846137	1.61813e-06	0.000166172	1.87636e-05	0.00066949	0.000531855	0.000302605	2.76724e-05	0	4.54479e-08	0.000412324	8.0927e-08	0	0	4.59389e-05	0	0	0.000274883	0	0
d2_17	0.00185457	0.000271336	0.000670269	0.000440354	0.000239068	1.91192e-07	2.50599e-07	3.22388e-08	4.29655e-08	7.83148e-09	4.58606e-05	0	0.000293339	0.000439813	0	0	4.58138e-05	0	0	0
d2_18	0.000226356	1.4548e-06	0.000514628	3.0057e-07	0.000275058	2.75414e-05	4.73468e-08	4.59541e-05	7.04843e-08	0.000238282	6.49735e-09	2.91316e-08	7.33021e-05	0	0	0.000366516	0.000256805	9.17147e-05	0	0.000549766
d2_19	0.000488445	0.00043288	6.51303e-05	0.000257628	1.96701e-07	0.000137586	2.54635e-07	2.22826e-08	1.63367e-07	4.9679e-08	0.000229069	7.04651e-09	0.000274883	0.000366511	0.000137441	0	0.000366511	0.000274883	0.000549766	0
d2_20	0.00019427	0.000166672	0.000486672	9.20437e-05	0.00013774	0.000366771	1.32324e-07	2.26022e-07	0.000641441	2.72736e-09	0.000366513	0.000440213	0.000504058	0	0	0.000274889	0	0	0	0
d2_21	5.98748e-07	0.000271499	0.000385881	0.000105169	0.000366822	5.03185e-07	1.26197e-07	0.000366827	0.000274893	0.000274953	0	0.000687296	9.16419e-05	4.58138e-05	0.000274883	0	9.16276e-05	0.000274883	0	0
d2_22	4.71495e-05	0.00108321	0.000734353	0.000275222	0.00027533	2.46494e-07	0.000550108	0.000531475	9.72627e-08	0	7.05159e-08	2.7684e-05	6.1041e-08	7.33021e-05	0	3.04492e-08	0	0	4.58138e-05	0.000274883
d2_23	0.00107771	0.00026701	0.000184184	2.64951e-07	0.000348761	0.0001378	6.92428e-08	0.000183682	1.05509e-08	6.11488e-08	6.34339e-08	4.61327e-05	0	0	4.58138e-05	0.000366511	0	0.000549766	0	0
d2_24	0.000303216	0.000120041	4.63205e-05	0.000229446	0.000137941	7.37014e-05	0.000440042	0.000366569	4.58393e-05	6.04438e-08	0	0	0	0	9.16276e-05	0	0.000274883	0.000274968	0	0.000916276
d2_25	0.000230367	0.000119948	0.000412979	0.000119563	4.6531e-05	0.000146852	9.2098e-05	0	7.35519e-05	0.000274934	2.59844e-08	4.05674e-08	0	0.000458322	0.000366511	0.000595805	0	9.16276e-05	0	0.000549853
d2_26	0.000752333	0.000211599	0.000486775	0.000412832	0.000486159	0.00027506	9.17329e-05	0.000137464	0.000229207	0	0.00027494	8.5164e-09	0	0.000394129	0.000274883	9.17222e-05	0	0	0	0
d2_27	2.79497e-05	0.000911789	0.000687688	1.89289e-07	0.000412732	0.000119292	0.000284398	0.000366756	4.3255e-09	4.59943e-05	9.17715e-05	0.00027499	0	0.000137441	1.35046e-08	0.000274883	0	0.000274883	0	0.000274883
d2_28	0.000248403	0.000298051	0.000550614	4.64609e-05	1.88905e-07	4.59829e-05	1.97469e-07	2.79978e-05	9.13054e-08	3.23954e-08	5.44274e-08	0.000274883	0	9.17464e-05	0	0	0.000366563	0	0	0
d2_29	0.000138072	0.00108267	0.000504656	0.000944595	0.000137719	1.66348e-07	2.78278e-05	8.68311e-09	4.10807e-09	2.74983e-05	8.77658e-09	9.17936e-05	9.16478e-05	0	0	0	0	9.16276e-05	0	0
d2_30	0.000211799	0.000270745	0.000789211	0.000119873	0.000211428	0.000563289	0.000334121	0.000531661	0.000458289	7.34581e-05	0.000366652	9.16371e-05	4.58138e-05	0.000274883	0	0	0	0	9.17131e-05	0
d2_31	5.93722e-05	0.000848313	0.000826092	0.000376615	0.00133889	9.20934e-05	0.00057751	0.00055016	0.000137549	0.000320899	0.000394333	0.000274953	4.6031e-05	0.00027491	1.31024e-08	0	0	0.000824649	0.000274883	0.000274883
d2_32	0.000550336	0.00142237	0.0017973	0.00182059	0.00138482	0.000953093	0.00103566	0.000852328	0.000137495	0.000348223	0	0.000137573	0.000274883	0.000229288	1.46114e-07	0.00013753	0	0	0.000137441	0.000824649
d2_33	0.00097187	0.00279636	0.00183819	0.00154089	0.00216406	0.000412889	0.00117347	0.00094397	0.000348511	0.000394299	9.18922e-05	0.000779036	0.000641569	0.000366515	0	0	0	0	9.16276e-05	0.00109953
d2_34	0.00084414	0.00209068	0.00187154	0.00274173	0.00122883	0.0016418	0.000422003	0.000367066	0.00208951	0.000394363	0.000412405	0.00117317	0.00073319	0	0.000274883	9.16276e-05	0.000412324	0.000824649	0.000641393	0
d2_35	0.00106393	0.00154114	0.00389701	0.00588615	0.00297038	0.0034555	0.00152198	0.00209005	0.00103613	0.0014758	0.00119165	0.000302596	0.00169535	0.00135614	0.000302536	0.000503952	0.000641393	9.16276e-05	9.16276e-05	0
d2_36	0.00195299	0.00365933	0.00506979	0.00358426	0.00534527	0.00395119	0.00352945	0.00165974	0.0014029	0.00204403	0.000990025	0.00110008	0.000394169	0.00100793	0.000641673	0.00041252	0.000641393	0.000824757	0.000274883	0.000549766
d2_37	0.00164183	0.0020828	0.00458844	0.00225577	0.00418884	0.00423506	0.00319895	0.00243783	0.00385813	0.00167689	0.00256595	0.00137441	0.00187873	0.00210747	0.000779137	0.00146604	0.00178686	0.00117292	0.000916276	0.000549766
d2_38	0.00166868	0.00327299	0.00319907	0.00275053	0.00373973	0.00268614	0.00323515	0.00373975	0.00265793	0.00176852	0.003116	0.00192444	0.00160369	0.00366548	0.00215336	0.00302386	0.00242813	0.0022908	0.00119117	0.000733036
d2_39	0.000697027	0.00206267	0.00121969	0.000761164	0.00268571	0.00285011	0.0018556	0.00323546	0.00546157	0.00266694	0.00467397	0.00371148	0.00142047	0.00350961	0.00325312	0.00288637	0.00261139	0.00439828	0.00192418	0.00219906
d2_40	7.34717e-05	0.00124652	0.00022938	0.000137737	0.00100807	0.000916406	0.00160367	0.00172284	0.00183267	0.00215344	0.00229151	0.00357359	0.00346377	0.00396752	0.00357372	0.00339022	0.0048564	0.00545229	0.00627652	0.0069637
d2_41	9.1803e-05	0	4.05444e-08	0.00027503	0.000275028	9.16276e-05	0.000137593	0.000274883	0.000943833	0.00096209	0.00155791	0.0019243	0.00146604	0.00343649	0.00242813	0.00394001	0.00458138	0.00577254	0.00778838	0.00403162
